cnn1.weight
tensor([[[[ 0.1452, -0.0537, -0.2304],
          [-0.1415, -0.1905, -0.0922],
          [ 0.1071, -0.1716, -0.0902]]],


        [[[ 1.3681,  1.8986,  0.6197],
          [-0.4026,  0.2521,  0.0274],
          [ 0.4033,  0.3075,  1.3318]]],


        [[[-0.0617,  1.6729,  1.8359],
          [-0.6409,  0.9105,  0.5575],
          [-1.4586, -1.8702, -2.4407]]],


        [[[-1.0362, -1.1338, -1.0311],
          [-0.0104, -0.2960, -0.8984],
          [ 1.5426,  0.9666,  0.7759]]]])
cnn1.bias
tensor([-0.2743, -0.0344, -0.0199, -0.0140])
cnn2.weight
tensor([[[[ 8.6091e-02,  4.1185e-02,  1.3005e-01],
          [ 2.5141e-02,  3.7041e-02, -5.2458e-03],
          [ 1.2928e-02,  5.6861e-02,  1.1587e-01]],

         [[-9.3256e-01, -1.6809e+00,  1.9086e-01],
          [-4.3066e-01, -1.1000e+00, -2.9508e-01],
          [ 1.2734e+00,  5.9859e-01,  1.5901e+00]],

         [[ 3.3126e-01, -1.2163e+00, -1.3565e+00],
          [-1.8176e-04, -6.7048e-01, -7.2611e-01],
          [-9.5784e-02,  7.8659e-01, -6.3531e-01]],

         [[ 6.1961e-01, -9.3208e-01,  5.7275e-01],
          [ 5.6346e-01,  4.2452e-01, -1.4667e+00],
          [ 9.9902e-01,  1.1596e+00,  1.0780e+00]]],


        [[[ 8.5372e-02,  9.8771e-02, -2.8117e-02],
          [-4.2272e-02,  1.4432e-01,  1.2432e-01],
          [-1.6199e-01, -1.4223e-01, -7.5105e-02]],

         [[-3.0301e-01,  1.4256e+00,  1.2253e+00],
          [-9.7078e-01,  3.0411e-01,  1.5431e-01],
          [-8.7020e-01,  1.6593e-01, -3.9101e-01]],

         [[-4.5681e-01,  4.3250e-01,  1.0624e+00],
          [ 3.1716e-01,  4.4369e-01,  4.7965e-01],
          [ 1.0466e+00, -2.4559e-01,  8.0809e-01]],

         [[-5.3688e-02, -1.1936e+00, -2.6683e+00],
          [ 1.8706e-01, -7.4969e-01,  8.7910e-01],
          [-3.0928e+00, -1.4993e+00, -2.3905e+00]]],


        [[[-1.2702e-01, -1.5435e-01,  5.4592e-02],
          [-5.1611e-02,  1.6299e-01,  1.0017e-01],
          [-1.3214e-01, -1.3337e-01,  3.5480e-02]],

         [[-1.3569e-01,  5.4711e-01,  1.1937e+00],
          [-2.6401e+00, -2.3247e+00, -2.5369e+00],
          [ 1.0407e-01,  5.5524e-02,  3.9597e-01]],

         [[ 1.1098e+00, -1.3082e-01,  1.6840e+00],
          [ 1.8720e+00,  2.5180e+00,  7.8300e-01],
          [-1.1605e+00, -9.9014e-01, -1.0007e+00]],

         [[-2.6267e+00,  1.3527e+00, -1.3551e+00],
          [ 2.5581e-01,  1.7629e+00,  1.7583e-01],
          [-3.8324e-01,  1.3860e+00,  9.6579e-01]]],


        [[[ 8.7501e-02,  9.5231e-02, -1.2324e-01],
          [ 1.3434e-01,  1.4808e-01,  5.4073e-03],
          [ 1.3493e-02, -1.5211e-01,  8.9417e-02]],

         [[ 2.4399e-01, -6.0211e-02,  5.9857e-01],
          [ 3.2249e-01,  2.1307e-01,  5.8117e-01],
          [-5.3296e-01, -2.1513e-01, -3.4460e-01]],

         [[ 6.8633e-02, -2.5200e-02, -3.1220e-01],
          [ 7.6081e-01,  6.3020e-03,  5.2791e-01],
          [ 7.3170e-01,  1.1135e+00,  6.1090e-01]],

         [[ 4.5428e-01,  1.3590e+00,  2.3295e-01],
          [ 1.2371e+00,  7.2264e-02, -6.8469e-01],
          [ 2.1381e+00, -1.1978e+00, -8.2449e-01]]]])
cnn2.bias
tensor([ 1.1327, -0.3635,  2.6203, -2.7516])
cnn3.weight
tensor([[[[-8.7091e-02,  2.7564e-03,  7.7509e-02],
          [ 3.1770e-01,  3.4303e-01,  2.4560e-02],
          [ 1.5944e+00, -2.1721e+00,  1.0979e+00]],

         [[ 3.0256e-01,  9.5538e-01,  1.5888e+00],
          [ 9.8626e-01, -9.3969e-01,  7.9765e-01],
          [ 8.3274e-01, -2.6285e+00,  9.7186e-01]],

         [[-2.1266e+00,  1.9731e-01,  7.6892e-02],
          [ 1.8212e-01, -2.5022e+00,  2.9252e-01],
          [-1.9789e+01,  1.2436e+00,  9.1461e-01]],

         [[-2.8209e+00, -1.9806e-01, -5.6506e-02],
          [-5.0052e-01,  3.5564e-01,  2.5913e-01],
          [ 3.5315e-01,  1.3065e+00, -9.2220e-02]]],


        [[[-1.5342e+00,  7.7961e-01,  1.5283e+00],
          [-1.2158e+00, -4.1285e-01,  3.6522e-01],
          [-5.2571e-01,  2.5970e-01,  9.1751e-01]],

         [[-8.9310e-01,  2.9421e-01,  8.9530e-01],
          [-1.0532e+00,  3.8298e-01, -1.4081e+00],
          [ 1.3934e+00, -7.9077e-01,  4.8410e-01]],

         [[ 4.4703e-01,  6.1305e-01, -1.7835e+00],
          [ 1.6179e+00,  7.0016e-01, -1.0036e-01],
          [ 1.7650e-01,  2.9628e-01,  9.4790e-01]],

         [[-2.1221e+00, -3.1568e+00, -1.0640e+00],
          [-2.0988e+00, -2.6297e+00, -1.1796e-01],
          [ 1.1315e+00, -1.2802e+00,  4.6567e-01]]],


        [[[ 5.7219e-01,  1.2070e+00, -5.9695e-01],
          [-3.2637e-01, -2.0321e+00,  5.6686e-01],
          [ 1.0735e-01, -1.6125e-01,  1.3608e+00]],

         [[-4.9941e-01,  7.4935e-01, -2.0462e+00],
          [-2.7789e+00, -4.8917e-01,  1.0940e-01],
          [ 4.2612e-01,  1.0425e+00,  2.5777e-01]],

         [[ 1.9996e+00, -3.1272e+00, -2.3673e+00],
          [-2.4290e+00,  2.5498e-01,  6.1785e-01],
          [-6.8905e-01, -4.8320e-01,  2.3075e+00]],

         [[ 2.9607e+00, -1.6528e+00, -7.1627e-01],
          [-8.5428e-01, -5.3583e-01, -3.2005e-01],
          [-6.8809e-02,  1.2151e-01,  2.0651e+00]]],


        [[[-1.4296e+00, -1.4465e+00,  7.3719e-01],
          [ 3.1749e-01, -1.0080e+00, -1.2221e+00],
          [ 3.2834e-01, -1.1149e+00,  9.3801e-01]],

         [[ 1.1589e+00,  5.4653e-01, -8.2618e-02],
          [-1.5370e+00, -1.3124e+00,  4.0101e-01],
          [-4.5425e-01,  6.4620e-01, -5.8717e-01]],

         [[ 2.3775e+00,  5.4763e-01, -2.5971e+00],
          [ 9.5642e-01, -1.4467e+00, -7.8472e-01],
          [ 7.7082e-01, -1.2224e+00,  1.9825e+00]],

         [[ 1.7043e+00, -5.5964e-01, -4.7478e-01],
          [-4.6211e-01, -4.5596e-01, -5.4493e-01],
          [ 3.8097e-01,  6.0936e-01,  1.0893e+00]]],


        [[[ 2.1358e+00, -1.5431e+00,  4.7550e-01],
          [ 1.8029e+00, -7.8948e-01, -9.7319e-01],
          [ 1.4412e+00,  6.3310e-01,  2.6504e+00]],

         [[-2.4474e+00, -4.5908e+00, -6.6805e+00],
          [ 6.8905e-01,  3.1031e+00, -5.5840e+00],
          [ 3.5276e-01, -6.4416e-01, -2.4776e+00]],

         [[-3.0280e+00,  1.0445e-01, -2.8471e-02],
          [-1.4173e+00, -4.0168e+00, -2.1326e+01],
          [ 2.3644e-01, -1.5623e+00,  8.0774e-02]],

         [[-1.4264e+00, -3.3737e-01, -7.7798e-01],
          [-1.5580e-01,  7.1015e-01, -2.3764e-01],
          [-3.7156e-02, -2.8703e-01,  7.3388e-01]]],


        [[[-1.1619e+00, -4.1017e-01,  1.2764e+00],
          [-3.6490e-01,  3.7827e-01,  1.1267e-01],
          [-7.6219e-01,  6.4471e-01,  6.0261e-01]],

         [[ 8.3524e-02,  1.5612e-01,  5.4893e-02],
          [-4.2133e-01, -5.8300e-01, -2.1039e+00],
          [ 5.7723e-01, -4.9531e-02, -4.8923e-01]],

         [[-1.3664e+00,  1.2606e+00,  1.4583e+00],
          [-4.6389e-01,  9.4837e-01,  4.1072e-02],
          [-1.0259e+00, -1.4963e+00,  1.1524e+00]],

         [[-9.2467e-01,  1.1461e+00,  1.3234e+00],
          [ 2.3125e-01,  3.5146e-01,  2.2974e-01],
          [ 4.6080e-01, -6.2692e-01, -1.1967e+00]]],


        [[[ 7.1537e-01, -2.2120e+00, -7.9223e-01],
          [-5.7363e-01, -2.5252e+00,  1.6871e+00],
          [-1.2760e+00,  1.3830e+00,  1.9532e+00]],

         [[ 1.5897e-01,  1.0114e+00, -3.5671e+00],
          [ 9.9380e-01, -1.1142e+00,  1.1950e+00],
          [ 1.4124e-01,  3.5018e-01, -8.3908e-01]],

         [[-3.0645e+00, -1.0166e+00,  1.7313e+00],
          [-2.4118e+00,  1.8590e+00, -1.1252e-01],
          [-7.0864e-01, -3.9943e-01, -4.5913e-01]],

         [[-1.7272e+00, -1.0904e-01, -2.3998e-01],
          [-1.9575e+00,  1.9562e+00,  1.5571e+00],
          [-2.2264e-01,  1.1624e+00, -1.1035e-01]]],


        [[[ 9.3447e-01, -9.7183e-01, -2.1873e-01],
          [-2.3527e+00,  3.7751e-01,  1.9116e+00],
          [-1.1041e+00,  3.9061e-01, -1.4737e+00]],

         [[-1.1193e+00,  6.7383e-01, -1.0632e+00],
          [ 1.0346e+00,  9.0856e-01, -7.6059e-01],
          [ 1.6231e+00, -4.2521e-01, -1.4174e-01]],

         [[ 2.2173e-01,  2.4178e+00,  1.2182e+00],
          [-4.4349e-02, -2.5856e-01, -4.6337e-01],
          [-4.9328e-01, -1.3574e+00, -6.3358e-01]],

         [[ 1.2108e+00,  3.9504e-01,  1.5332e+00],
          [-8.0386e-01, -2.1699e-01,  5.6188e-01],
          [-2.1989e+00, -1.5887e+00, -7.0905e-01]]],


        [[[-1.1454e+00,  5.3830e-01,  8.5672e-01],
          [-3.0107e-01,  2.5622e-01, -1.5192e+00],
          [-1.1078e+00,  5.0865e-01,  6.1749e-01]],

         [[ 4.4191e-01,  1.5502e+00,  2.3854e-01],
          [-1.1410e+00, -1.3303e+00, -6.4840e-02],
          [ 1.0705e+00,  4.1814e-01, -1.1265e+00]],

         [[-4.6852e-01,  1.7164e+00, -1.3510e+00],
          [-1.7212e+00, -5.4415e-01, -5.6922e-01],
          [-1.1566e+00, -2.6533e+00,  7.4245e-01]],

         [[-1.3553e-01,  1.4524e+00,  1.8366e+00],
          [-1.9472e+00, -6.2122e-01,  5.3004e-01],
          [ 4.3883e-01, -3.8571e-01,  3.4253e-01]]],


        [[[-5.0315e-01,  2.6546e-01,  1.7067e+00],
          [ 1.1839e+00, -5.7275e-01,  3.1334e-02],
          [ 1.2064e-01, -2.7097e+00, -1.1589e+00]],

         [[ 7.3443e-01, -1.1665e+00,  1.3919e+00],
          [ 1.0848e-01, -2.1729e-01,  8.2690e-01],
          [-1.0301e+00,  3.2225e-02, -1.7679e-01]],

         [[ 4.7525e-01, -4.4555e-01, -1.6872e+00],
          [ 1.2344e+00,  8.3861e-01, -2.3053e+00],
          [-1.1751e+00, -3.2051e-01,  2.0864e-01]],

         [[ 8.8637e-01,  8.0684e-01, -1.8935e-01],
          [ 1.2729e+00,  5.9816e-01, -1.1900e-01],
          [-6.4060e-01, -9.4470e-01, -1.5081e+00]]]])
cnn3.bias
tensor([-2.2467,  2.0767,  0.4298, -0.3616,  4.7552,  0.0430,  3.1021, -2.2561,
         5.9373,  0.6987])

it trained a linear even though not in model, not sure why
tensor([[-0.2902,  0.1895, -0.1779,  0.0920,  0.1066,  0.1097,  0.1193,  0.0957,
          0.2480, -0.0868],
        [-0.0678, -0.2558, -0.1030,  0.2205, -0.2196,  0.2535, -0.1320, -0.0197,
          0.0307,  0.2646],
        [-0.0077,  0.2976, -0.2441, -0.2245, -0.0262,  0.2807,  0.1240,  0.0020,
         -0.0674,  0.0809],
        [-0.0191,  0.2348, -0.0872,  0.1997,  0.1077, -0.2169,  0.1596,  0.1100,
         -0.3124, -0.1946],
        [ 0.3127, -0.2261, -0.1467,  0.0284, -0.0918, -0.1037, -0.3105, -0.2987,
          0.1193, -0.1761],
        [-0.2029, -0.0534, -0.1838, -0.0011, -0.0802, -0.1051,  0.1396, -0.2547,
          0.0950,  0.1805],
        [ 0.1258,  0.2643, -0.0648,  0.1302, -0.0804, -0.1673,  0.2317, -0.0781,
          0.1495, -0.1902],
        [-0.0913,  0.1042,  0.0962, -0.0286, -0.1777,  0.2591,  0.1546, -0.1309,
          0.0122,  0.2558],
        [-0.2384,  0.2967, -0.1342,  0.2473,  0.1217, -0.1635, -0.2798,  0.1465,
         -0.1819, -0.0029],
        [ 0.2441, -0.0639,  0.0628,  0.0543, -0.1276, -0.2672,  0.1128,  0.2208,
         -0.2862, -0.1327]])
tensor([-0.2260,  0.0951, -0.0798,  0.0658,  0.1589,  0.2300,  0.0208,  0.1520,
         0.2264,  0.0222])