cnn1.weight
tensor([[[[-0.2034,  1.1564,  1.6194],
          [-0.5345,  0.4564,  1.7554],
          [-3.0852, -2.1085, -2.0073]]],


        [[[ 0.9078,  1.5066,  3.6059],
          [ 1.1885,  1.9407, -0.1030],
          [-0.0062,  1.0845,  0.9612]]],


        [[[ 0.9912,  2.1091, -3.1016],
          [-1.1509, -4.2670, -0.7909],
          [-3.0327,  0.8777,  0.4765]]],


        [[[-0.0173,  0.9602,  0.4217],
          [ 1.8099, -0.9257, -2.9302],
          [ 2.2698,  0.0260, -1.6936]]]])
cnn1.bias
tensor([-0.0220,  0.0231,  0.9994, -0.0324])
cnn2.weight
tensor([[[[-4.5263e-01,  2.9204e-01, -1.3306e+00],
          [-4.5643e-01, -6.9650e-01,  7.1955e-01],
          [-1.7088e+00,  3.2150e-01, -1.2714e+00]],

         [[-3.2363e-01,  2.7695e-01, -1.1808e+00],
          [ 5.5371e-01,  1.8444e-01, -1.8600e-01],
          [ 1.3413e+00, -6.2673e-02, -1.4447e-01]],

         [[ 1.6195e-01,  1.0592e-01,  1.2774e+00],
          [ 9.7361e-01,  4.1769e-01,  1.3157e+00],
          [-1.1697e+00, -1.9741e+00, -6.1712e-01]],

         [[-4.0306e-01,  7.5040e-02, -5.7966e-01],
          [ 3.6019e-01,  6.7347e-01,  6.3808e-01],
          [ 1.6552e+00,  1.1550e+00, -3.5547e-01]]],


        [[[ 2.8398e-01, -2.7618e-01,  5.3309e-02],
          [ 5.6504e-01, -1.0706e+00, -2.1223e+00],
          [-2.5072e-01, -3.3897e-01, -2.5805e+00]],

         [[ 8.5895e-01,  4.1708e-01,  1.2533e-01],
          [ 9.4112e-01,  4.2167e-01, -3.5251e-01],
          [-1.4451e-01, -4.0072e-01, -1.8206e+00]],

         [[-9.8267e-01, -8.5083e-01,  9.4581e-01],
          [ 4.7005e-01,  7.5396e-02,  2.2441e-01],
          [ 1.5620e+00,  1.2051e+00,  1.2744e-01]],

         [[ 3.3086e-01, -1.2790e-01,  5.3024e-01],
          [-3.7335e-02,  7.0430e-01,  5.6923e-01],
          [-6.5273e-01, -8.1270e-01, -2.0155e-01]]],


        [[[ 9.1256e-01, -2.0387e-01,  1.4830e-01],
          [-6.1899e-01,  1.1356e+00,  1.5219e+00],
          [ 1.0809e-01,  1.0306e+00,  8.6316e-01]],

         [[-1.5587e+00,  2.2633e-02,  3.9536e-01],
          [ 8.5311e-01,  1.2916e+00,  4.2310e-01],
          [-2.0912e-01, -1.3921e-01, -7.5969e-01]],

         [[-1.0346e+00, -1.5901e+00, -6.0026e-01],
          [-2.3904e+00, -2.1486e-01,  1.0166e+00],
          [-5.4332e-01, -1.3696e+00,  3.2412e-01]],

         [[-1.3711e+00,  9.8085e-02,  2.3153e-01],
          [ 3.5051e-01,  9.6640e-02,  9.1147e-02],
          [ 2.0322e+00,  2.8720e-03, -2.3741e-01]]],


        [[[ 1.0284e+00,  5.1632e-01,  2.2923e+00],
          [ 1.1021e+00,  1.8919e+00,  7.4304e-01],
          [-2.4421e+00, -3.2887e+00, -3.7400e-01]],

         [[ 9.3125e-01,  6.6567e-01,  8.0700e-01],
          [-6.9525e-01, -5.7140e-01, -1.9946e-01],
          [-1.0647e+00,  1.4023e-01, -2.1620e-02]],

         [[-1.0096e+00, -1.0130e+00, -9.4692e-01],
          [-5.8130e-01, -2.3373e-01,  4.5963e-01],
          [ 2.3857e+00,  1.0110e+00,  7.3234e-01]],

         [[ 2.0986e-01,  1.0755e+00, -2.6384e-01],
          [-1.2015e+00, -2.2073e+00, -1.3687e+00],
          [-1.0765e+00, -1.0668e+00,  2.9668e-01]]]])
cnn2.bias
tensor([-0.6118,  0.7226,  0.1227, -0.9209])
cnn3.weight
tensor([[[[ 8.3123e-01, -7.6178e-01, -2.8903e-01],
          [ 1.1573e+00,  3.7663e-01, -2.8361e-01],
          [-7.6926e-01,  2.2894e-01, -5.6767e-01]],

         [[ 2.1879e-01,  2.7131e-01,  5.6808e-02],
          [-1.6586e-01,  7.9011e-01, -6.5597e-01],
          [-2.0605e+00,  7.7031e-01,  3.2365e-01]],

         [[-8.9297e-01,  5.8074e-01,  5.2693e-01],
          [-1.4279e-01, -2.7839e-02,  4.4179e-02],
          [ 8.0948e-02,  9.2476e-01, -3.0188e-01]],

         [[-3.8603e-01, -7.8360e-01,  6.8445e-01],
          [-1.7563e+00, -1.1386e-01, -4.8468e-01],
          [-5.2895e+00, -7.9366e-01,  3.7993e-01]]],


        [[[-2.4297e-02, -5.4971e-01,  1.0311e+00],
          [ 4.5812e-01, -2.9179e-01,  4.7638e-01],
          [-1.2499e-01, -1.4841e+00, -6.1052e-01]],

         [[ 1.2281e+00,  3.2687e-01,  6.5178e-01],
          [ 4.0624e-01, -3.8300e-01, -3.9212e-02],
          [ 5.0445e-01, -9.9093e-01,  1.1753e+00]],

         [[-9.7635e-01, -1.8136e+00, -2.7274e+00],
          [-3.1149e-01, -1.2419e+00, -1.0799e+00],
          [ 8.8065e-02,  2.9093e-01, -1.2161e+00]],

         [[-1.6011e+00, -2.1920e-01, -2.1154e+00],
          [ 2.7479e-01, -2.4210e-01,  1.0330e+00],
          [-4.3301e-01, -1.6564e+00, -7.5644e-01]]],


        [[[-2.2744e-01,  1.2084e+00,  3.6471e-02],
          [-3.8253e-01,  1.7531e-01,  4.1957e-01],
          [-2.0014e+00, -2.1889e+00, -2.8241e+00]],

         [[ 2.1861e-01,  1.3790e+00,  3.4643e-01],
          [-1.0170e+00, -6.5760e-01, -9.0419e-01],
          [-9.5179e-02,  5.2267e-01,  8.7019e-01]],

         [[ 2.5882e-01,  5.8088e-01,  7.4961e-01],
          [-2.9188e-01,  2.3673e-01, -4.9133e-01],
          [-1.7253e+00,  6.2060e-01,  9.3807e-01]],

         [[-3.8767e+00, -2.3381e+00, -2.4638e-01],
          [-6.8325e-01, -9.5959e-02,  1.5678e+00],
          [-2.5052e-01,  2.0288e-01,  4.5291e-02]]],


        [[[-2.8027e+00, -1.5789e-01, -4.7548e-01],
          [-1.2639e+00,  1.2311e-01,  4.4786e-01],
          [-1.2679e+00, -5.9233e-01, -1.3237e+00]],

         [[ 3.9382e-01, -1.0570e-01,  1.7226e-01],
          [-1.1326e+00,  5.5346e-01,  1.1549e+00],
          [-2.3191e+00, -9.0166e-02, -5.4149e-01]],

         [[-1.3473e+00, -1.4060e+00, -7.4452e-01],
          [ 1.0133e+00,  3.6831e-01,  5.9126e-01],
          [ 5.8893e-01,  1.4280e-01, -1.8219e-01]],

         [[ 1.7382e+00, -1.2636e+00, -9.8062e-01],
          [-1.7023e+00, -6.6932e-02,  2.7748e+00],
          [-2.1536e-02,  2.4612e-01, -9.6103e-02]]],


        [[[-6.0607e+00, -6.0342e-01,  1.1994e+00],
          [-2.4439e+00,  8.2640e-02,  4.3795e-01],
          [ 7.8884e-01,  8.9288e-01,  9.4688e-01]],

         [[-8.4567e-01, -3.2736e+00, -2.4658e+00],
          [-4.2798e-01, -8.2598e-01, -2.2201e-01],
          [ 1.1553e+00,  5.2041e-01,  8.7726e-02]],

         [[ 4.6598e-01,  1.0401e+00, -2.9996e+00],
          [ 9.9799e-01,  3.1743e-01, -3.7709e-01],
          [ 7.0086e-02, -5.0503e-01, -3.8290e-01]],

         [[-1.5281e+00,  2.6834e-01, -4.9137e+00],
          [-9.1954e-01,  1.3101e+00,  4.9072e-01],
          [-8.2448e-03,  2.1404e-01, -5.4640e-01]]],


        [[[ 5.0560e-01, -6.6791e-01, -2.6542e+00],
          [-8.1459e-01, -2.1449e-01, -4.6404e-01],
          [-6.3442e-01,  6.2571e-01,  7.8368e-01]],

         [[ 8.1188e-01,  3.6598e-01,  1.8333e+00],
          [-1.2553e+00, -9.2796e-01,  1.1619e-01],
          [ 6.7516e-01, -3.5417e-02, -1.3533e+00]],

         [[ 2.1411e-02,  7.0383e-01,  1.8332e+00],
          [-1.2576e+00, -1.2651e+00, -2.3779e-02],
          [ 8.3292e-01,  5.0173e-01, -5.5965e-01]],

         [[-6.8345e-01,  1.7626e-02,  5.2386e-01],
          [-2.7274e-01, -1.0873e+00, -3.4701e-01],
          [-1.1103e+00,  6.6560e-01,  4.1635e-01]]],


        [[[ 1.3342e+00, -6.1979e-01, -2.7770e-02],
          [-9.6964e-01, -3.9516e-01, -3.5955e-01],
          [ 4.8604e-01,  1.4593e-01,  8.3680e-01]],

         [[ 4.3990e-01,  5.2461e-01,  1.1496e+00],
          [ 5.5198e-01,  3.1125e-02, -1.2018e+00],
          [-1.2286e+00, -1.8182e+00, -1.0263e+00]],

         [[-1.1266e+00,  1.0774e+00,  1.1202e+00],
          [-1.2620e+00,  9.5264e-01, -3.4500e-01],
          [-2.9575e-02,  2.7888e-01,  6.7274e-02]],

         [[-4.8549e-01, -6.6264e-01, -2.0924e-01],
          [-2.1330e-01, -9.1411e-01, -1.6961e-01],
          [-3.3705e-01,  3.7257e-01, -9.1741e-01]]],


        [[[-4.2041e-01, -3.2893e-01, -1.1236e+00],
          [-1.3508e+00,  2.7028e-01,  4.6334e-01],
          [-5.2834e+00, -1.4340e+00, -5.4007e-01]],

         [[ 3.2628e-01,  4.9745e-01, -8.3911e-01],
          [ 2.1608e-01, -1.9804e-01, -5.0511e-01],
          [ 6.1479e-01,  1.0619e-03,  1.2932e+00]],

         [[-4.7838e-02,  6.1637e-01,  1.1942e+00],
          [ 2.1984e-01,  2.4313e-02,  7.5542e-01],
          [-2.8961e+00, -1.2278e+00, -4.6847e-01]],

         [[-2.7194e-01,  4.2187e-01,  8.2638e-01],
          [ 4.2179e-01,  3.1829e-01, -1.1838e+00],
          [ 7.1457e-01, -5.1739e-01, -1.4366e+00]]],


        [[[ 6.4815e-01, -6.2955e-01,  1.8915e-01],
          [ 3.2677e-01,  4.4569e-01, -6.7546e-01],
          [-5.7222e-01,  2.7213e-01, -8.8990e-04]],

         [[-7.1183e-01,  5.4551e-01, -4.3229e-01],
          [ 9.3431e-02,  4.6402e-01,  3.7495e-01],
          [ 1.2724e-01, -1.5370e+00,  9.5313e-02]],

         [[ 2.5964e-01, -5.0111e-01,  5.0988e-01],
          [ 4.3944e-01,  1.7966e+00,  5.0408e-01],
          [-4.9287e-01, -6.9519e-01, -6.6869e-01]],

         [[ 1.6222e+00, -4.0993e-01, -2.4681e+00],
          [-2.2486e-01, -1.4971e+00,  4.9277e-01],
          [-6.4828e-01, -1.8008e+00, -1.6145e-01]]],


        [[[ 4.4631e-01, -3.1981e-02, -1.1289e+00],
          [-1.3617e+00,  1.5841e-01,  6.5853e-01],
          [-1.0029e-01,  7.5346e-01,  4.3943e-01]],

         [[-7.0233e-01, -2.5564e+00, -8.7228e-02],
          [ 1.3144e+00,  2.7387e-02,  3.7365e-01],
          [-1.2349e+00,  2.2433e-01,  8.9178e-02]],

         [[ 7.1544e-02, -8.6830e-01, -5.5772e-01],
          [ 2.2565e+00, -5.4580e-02, -1.1211e+00],
          [-6.7672e-01, -2.6967e-01,  3.4504e-01]],

         [[-9.3727e-01, -5.3757e-01, -1.9992e+00],
          [ 2.9754e-01,  1.1989e+00, -1.3825e+00],
          [-4.8628e-02,  1.9309e-01, -3.0482e-01]]]])
cnn3.bias
tensor([-0.7084,  1.1640, -1.8330, -0.5712,  0.7244,  2.6686,  1.3576,  0.4265,
         0.7612,  0.4358])